0 0.914062 0.000000 0.926562 0.026562 0.953125 0.043750 0.950000 0.070312 0.970313 0.078125 0.978125 0.000000
0 0.076563 0.000000 0.050000 0.998437 0.117188 0.840625 0.262500 0.998437 0.400000 0.890625 0.810937 0.998437 0.928125 0.096875 0.401562 0.000000 0.137500 0.140625
1 0.000000 0.890625 0.000000 0.998437 0.021875 0.998437
1 0.918750 0.853125 0.906250 0.909375 0.973437 0.910937 0.920312 0.914062 0.935937 0.940625 0.909375 0.946875 0.970313 0.954688 0.970313 0.989062 0.929688 0.956250 0.910937 0.978125 0.901563 0.940625 0.892188 0.998437 0.998437 0.998437 0.993750 0.918750
1 0.000000 0.743750 0.000000 0.859375 0.010937 0.907813 0.020313 0.910937 0.026562 0.826562 0.010937 0.773438 0.020313 0.759375
1 0.032813 0.573438 0.000000 0.575000 0.001563 0.621875 0.032813 0.623437
1 0.031250 0.403125 0.000000 0.406250 0.000000 0.421875 0.028125 0.425000 0.000000 0.437500 0.000000 0.571875 0.034375 0.565625
1 0.003125 0.171875 0.000000 0.403125 0.037500 0.396875 0.021875 0.314063 0.037500 0.292187 0.023438 0.267188 0.040625 0.259375 0.023438 0.243750 0.042188 0.234375 0.015625 0.201563 0.042188 0.184375
1 0.998437 0.135937 0.910937 0.814063 0.962500 0.828125 0.909375 0.835938 0.998437 0.832812 0.953125 0.814063 0.998437 0.790625
1 0.010937 0.100000 0.000000 0.107813 0.000000 0.142187 0.017188 0.160938 0.039062 0.170313 0.043750 0.167187 0.042188 0.134375 0.017188 0.117188 0.023438 0.101562
1 0.000000 0.023438 0.000000 0.092188 0.042188 0.089063 0.045312 0.026562