1 0.682813 0.643750 0.676562 0.648438 0.667188 0.671875 0.681250 0.689063 0.701562 0.695312 0.710938 0.684375 0.709375 0.670312 0.698438 0.651563
1 0.321875 0.628125 0.309375 0.637500 0.314063 0.676562 0.329688 0.684375 0.350000 0.667188 0.350000 0.659375 0.337500 0.656250 0.345313 0.645312 0.331250 0.640625 0.329688 0.631250
1 0.618750 0.617188 0.592187 0.648438 0.604688 0.664062 0.600000 0.679688 0.607812 0.681250 0.610938 0.673438 0.614062 0.685937 0.626563 0.687500 0.634375 0.678125 0.637500 0.650000 0.632812 0.628125
1 0.537500 0.621875 0.529687 0.631250 0.529687 0.657813 0.540625 0.684375 0.571875 0.700000 0.585938 0.673438 0.587500 0.648438 0.579688 0.643750 0.585938 0.634375 0.567187 0.618750 0.557813 0.626563 0.551562 0.617188 0.543750 0.629687
1 0.525000 0.614062 0.390625 0.632812 0.370312 0.618750 0.362500 0.660937 0.400000 0.681250 0.412500 0.646875 0.454688 0.707812 0.470313 0.634375 0.500000 0.698438
1 0.276562 0.489063 0.264062 0.506250 0.251563 0.506250 0.250000 0.551562 0.262500 0.575000 0.275000 0.567187 0.276562 0.539062 0.289062 0.539062 0.270313 0.529687 0.282813 0.496875
1 0.751563 0.481250 0.739062 0.492188 0.735938 0.507812 0.723437 0.507812 0.720313 0.517188 0.725000 0.537500 0.720313 0.545312 0.731250 0.546875 0.737500 0.556250 0.757812 0.537500
1 0.337500 0.448437 0.315625 0.462500 0.295312 0.498437 0.298438 0.518750 0.318750 0.525000 0.326562 0.537500 0.359375 0.521875 0.356250 0.460938
1 0.578125 0.450000 0.570312 0.535937 0.635938 0.537500 0.675000 0.576562 0.675000 0.490625 0.653125 0.481250 0.640625 0.506250 0.614062 0.440625
1 0.432812 0.420312 0.409375 0.420312 0.382812 0.440625 0.362500 0.509375 0.373437 0.548438 0.454688 0.528125 0.454688 0.464062
1 0.498437 0.414062 0.467187 0.467187 0.465625 0.521875 0.548438 0.539062 0.562500 0.520312 0.548438 0.445312 0.528125 0.418750
1 0.754687 0.117188 0.765625 0.132812 0.801562 0.142187 0.803125 0.125000 0.820312 0.125000 0.818750 0.142187 0.862500 0.156250 0.850000 0.126562 0.828125 0.126562 0.823438 0.109375 0.782813 0.090625 0.773438 0.110937 0.782813 0.120313