0 0.440625 0.990625 0.393750 0.923438 0.290625 0.889062 0.110937 0.901563 0.000000 0.951562 0.000000 0.998437 0.192188 0.945312 0.220312 0.964063 0.154688 0.998437
0 0.000000 0.212500 0.028125 0.221875 0.021875 0.167187 0.285938 0.153125 0.348438 0.054688 0.334375 0.000000 0.107813 0.000000 0.073438 0.039062 0.000000 0.000000
1 0.442188 0.759375 0.437500 0.756250 0.404687 0.779687 0.390625 0.782813 0.392188 0.796875 0.401562 0.801562 0.429688 0.792188 0.445312 0.776563
1 0.345313 0.760938 0.356250 0.768750 0.375000 0.757812 0.396875 0.757812 0.407813 0.745313 0.398438 0.735938 0.364063 0.734375 0.350000 0.743750
1 0.771875 0.703125 0.764062 0.718750 0.779687 0.731250 0.778125 0.746875 0.826562 0.770312 0.831250 0.751563 0.782813 0.731250 0.829688 0.732812 0.834375 0.720313
1 0.325000 0.653125 0.282813 0.671875 0.325000 0.710938 0.292187 0.704688 0.279687 0.718750 0.282813 0.729688 0.310937 0.735938 0.328125 0.726562 0.339062 0.700000
1 0.740625 0.612500 0.746875 0.654687 0.795312 0.698438 0.832812 0.692187 0.829688 0.662500 0.781250 0.665625 0.815625 0.632812 0.814063 0.620313
1 0.740625 0.556250 0.754687 0.598437 0.767188 0.601562 0.803125 0.579688 0.798438 0.565625 0.751563 0.550000
1 0.296875 0.495312 0.253125 0.515625 0.267188 0.526563 0.309375 0.510938 0.265625 0.582812 0.284375 0.600000 0.295312 0.596875 0.304688 0.546875 0.328125 0.532813 0.328125 0.514062
1 0.748437 0.421875 0.717187 0.435937 0.714063 0.478125 0.759375 0.546875 0.806250 0.518750 0.757812 0.501563 0.775000 0.487500 0.746875 0.462500 0.750000 0.451562 0.790625 0.454688 0.798438 0.439063
1 0.217188 0.370312 0.171875 0.404687 0.135937 0.451562 0.139063 0.460938 0.156250 0.451562 0.173437 0.421875 0.185938 0.420312
1 0.748437 0.268750 0.792188 0.287500 0.800000 0.315625 0.826562 0.329688 0.826562 0.348438 0.842187 0.340625 0.831250 0.328125 0.834375 0.312500 0.810937 0.282813
1 0.634375 0.225000 0.639062 0.235937 0.660937 0.239063 0.673438 0.232813 0.676562 0.243750 0.700000 0.243750 0.709375 0.251563 0.728125 0.235937 0.706250 0.223438 0.682813 0.231250 0.668750 0.217188