0 0.587500 0.073438 0.718750 0.098437 0.998437 0.281250 0.970313 0.126562 0.998437 0.000000 0.721875 0.000000
1 0.465625 0.795312 0.475000 0.812500 0.468750 0.828125 0.481250 0.834375 0.481250 0.818750 0.493750 0.817187 0.507812 0.825000 0.507812 0.837500 0.515625 0.835938 0.515625 0.820312 0.506250 0.812500 0.515625 0.795312 0.501563 0.795312 0.496875 0.806250 0.473438 0.790625
1 0.560937 0.779687 0.568750 0.793750 0.592187 0.807813 0.582812 0.812500 0.584375 0.817187 0.606250 0.814063 0.607812 0.800000 0.593750 0.787500 0.600000 0.782813 0.593750 0.771875 0.579688 0.770312
1 0.379688 0.737500 0.385937 0.760938 0.378125 0.779687 0.407813 0.804688 0.410938 0.792188 0.462500 0.793750 0.400000 0.762500 0.398438 0.746875
1 0.771875 0.606250 0.742188 0.626563 0.757812 0.640625 0.748437 0.656250 0.734375 0.635938 0.715625 0.651563 0.731250 0.667188 0.707812 0.653125 0.695312 0.665625 0.712500 0.710938 0.751563 0.696875 0.757812 0.667188 0.781250 0.676562 0.767188 0.646875 0.798438 0.651563 0.765625 0.631250
1 0.545312 0.579688 0.521875 0.567187 0.515625 0.575000 0.500000 0.575000 0.493750 0.568750 0.489063 0.571875 0.489063 0.589063 0.510938 0.598437 0.528125 0.598437 0.540625 0.590625
1 0.407813 0.523438 0.393750 0.567187 0.445312 0.581250 0.426563 0.598437 0.443750 0.629687 0.468750 0.628125 0.465625 0.596875 0.453125 0.593750 0.462500 0.576562 0.456250 0.520312
1 0.015625 0.490625 0.010937 0.501563 0.025000 0.554688 0.050000 0.570312 0.059375 0.546875 0.048438 0.542188 0.045312 0.503125 0.026562 0.489063
1 0.451562 0.454688 0.392188 0.460938 0.390625 0.473438 0.379688 0.478125 0.385937 0.500000 0.410938 0.512500 0.443750 0.510938 0.453125 0.498437 0.440625 0.485938 0.453125 0.479687
1 0.748437 0.442188 0.739062 0.450000 0.748437 0.501563 0.762500 0.507812 0.779687 0.490625 0.773438 0.485938 0.773438 0.471875 0.756250 0.467187 0.756250 0.451562
1 0.453125 0.407813 0.440625 0.403125 0.423438 0.415625 0.401562 0.415625 0.400000 0.435937 0.412500 0.446875 0.448437 0.442188
1 0.392188 0.371875 0.392188 0.382812 0.412500 0.400000 0.431250 0.396875 0.448437 0.378125 0.443750 0.370312 0.404687 0.367188
1 0.681250 0.315625 0.685937 0.339062 0.740625 0.382812 0.748437 0.367188 0.768750 0.393750 0.787500 0.393750 0.793750 0.371875 0.771875 0.351562 0.750000 0.351562 0.751563 0.337500 0.742188 0.350000 0.732812 0.335938 0.720313 0.345313 0.721875 0.320312
1 0.545312 0.251563 0.584375 0.268750 0.573438 0.282813 0.582812 0.293750 0.612500 0.282813 0.593750 0.275000 0.615625 0.257812 0.610938 0.250000 0.587500 0.250000 0.581250 0.257812 0.568750 0.248438
1 0.389062 0.268750 0.354687 0.243750 0.350000 0.273438 0.320312 0.287500 0.326562 0.290625 0.332813 0.282813 0.340625 0.292187 0.360938 0.292187 0.368750 0.276562 0.382812 0.278125
1 0.484375 0.221875 0.457813 0.225000 0.456250 0.203125 0.429688 0.193750 0.382812 0.228125 0.382812 0.254688 0.401562 0.254688 0.412500 0.218750 0.434375 0.218750 0.423438 0.231250 0.437500 0.248438 0.445312 0.229687 0.482812 0.239063