0 0.717187 0.928125 0.725000 0.998437 0.765625 0.998437 0.754687 0.964063 0.798438 0.960938 0.789062 0.943750 0.735938 0.918750
0 0.900000 0.793750 0.810937 0.798438 0.734375 0.860938 0.776563 0.865625 0.778125 0.912500 0.795312 0.914062 0.857812 0.815625 0.889062 0.828125
0 0.968750 0.701562 0.920312 0.732812 0.920312 0.765625 0.928125 0.764062 0.957812 0.728125 0.968750 0.737500 0.979688 0.726562 0.981250 0.714063
0 0.821875 0.162500 0.817187 0.168750 0.839063 0.198437 0.829688 0.209375 0.831250 0.221875 0.851562 0.240625 0.862500 0.200000 0.835938 0.173437 0.835938 0.162500
0 0.000000 0.082812 0.012500 0.084375 0.017188 0.120313 0.035937 0.123438 0.029687 0.093750 0.137500 0.056250 0.054688 0.051562 0.000000 0.071875
0 0.684375 0.043750 0.795312 0.034375 0.859375 0.109375 0.896875 0.084375 0.851562 0.153125 0.865625 0.184375 0.923438 0.034375 0.909375 0.000000 0.790625 0.000000
0 0.693750 0.000000 0.668750 0.000000 0.614062 0.056250 0.639062 0.067187 0.664062 0.051562
0 0.409375 0.064062 0.518750 0.057813 0.581250 0.000000 0.475000 0.000000
1 0.393750 0.568750 0.403125 0.587500 0.432812 0.596875 0.446875 0.592187 0.454688 0.581250 0.450000 0.565625 0.432812 0.565625 0.428125 0.556250
1 0.462500 0.562500 0.471875 0.581250 0.512500 0.575000 0.528125 0.565625 0.523438 0.559375 0.471875 0.545312
1 0.378125 0.448437 0.360938 0.465625 0.378125 0.484375 0.429688 0.492188 0.381250 0.510938 0.375000 0.535937 0.446875 0.550000 0.457813 0.509375 0.435937 0.492188 0.450000 0.482812 0.440625 0.443750
1 0.365625 0.175000 0.350000 0.175000 0.343750 0.162500 0.304688 0.168750 0.300000 0.201563 0.318750 0.204687 0.331250 0.196875 0.332813 0.185938 0.348438 0.185938 0.360938 0.195312