0 0.715625 0.517188 0.692187 0.485938 0.714063 0.467187 0.650000 0.432812 0.625000 0.468750 0.575000 0.442188 0.531250 0.471875 0.551562 0.490625 0.579688 0.453125 0.639062 0.484375 0.659375 0.451562 0.682813 0.471875 0.678125 0.512500
0 0.725000 0.270313 0.212500 0.331250 0.418750 0.371875 0.418750 0.450000 0.490625 0.410938 0.421875 0.478125 0.495312 0.490625 0.523438 0.384375 0.593750 0.340625 0.640625 0.387500
1 0.346875 0.923438 0.334375 0.934375 0.334375 0.959375 0.350000 0.995313 0.400000 0.998437 0.420312 0.967187 0.420312 0.932813 0.387500 0.918750
1 0.479687 0.912500 0.428125 0.940625 0.429688 0.962500 0.450000 0.984375 0.450000 0.998437 0.489063 0.998437 0.500000 0.984375 0.501563 0.937500 0.476562 0.926562 0.485938 0.920312
1 0.510938 0.957812 0.534375 0.998437 0.573438 0.998437 0.585938 0.928125 0.589063 0.976562 0.612500 0.998437 0.657813 0.990625 0.656250 0.935937 0.600000 0.925000 0.600000 0.907813 0.534375 0.912500 0.525000 0.934375 0.550000 0.960938
1 0.326562 0.928125 0.267188 0.910937 0.243750 0.951562 0.251563 0.998437 0.298438 0.996875 0.329688 0.967187
1 0.696875 0.906250 0.676562 0.929688 0.667188 0.929688 0.668750 0.962500 0.698438 0.996875 0.728125 0.998437 0.726562 0.959375
1 0.231250 0.856250 0.179688 0.868750 0.214062 0.932813 0.175000 0.939063 0.179688 0.979688 0.228125 0.956250 0.225000 0.931250 0.281250 0.900000 0.228125 0.884375
1 0.260937 0.710938 0.262500 0.735938 0.278125 0.734375 0.285938 0.742188 0.307812 0.737500 0.310937 0.725000 0.295312 0.712500 0.284375 0.712500 0.273438 0.704688
1 0.548438 0.696875 0.537500 0.706250 0.532813 0.721875 0.515625 0.721875 0.517188 0.732812 0.545312 0.753125 0.560937 0.715625 0.560937 0.706250
1 0.739062 0.676562 0.710938 0.664062 0.692187 0.681250 0.617188 0.679688 0.617188 0.698438 0.584375 0.701562 0.573438 0.732812 0.614062 0.759375 0.639062 0.714063 0.682813 0.750000 0.696875 0.695312 0.734375 0.707812
1 0.190625 0.653125 0.164062 0.643750 0.148438 0.648438 0.137500 0.660937 0.137500 0.685937 0.156250 0.687500 0.164062 0.681250 0.165625 0.668750 0.189062 0.668750
1 0.207813 0.596875 0.204687 0.609375 0.214062 0.623437 0.218750 0.625000 0.228125 0.617188 0.243750 0.626563 0.250000 0.623437 0.250000 0.600000 0.235937 0.589063
1 0.509375 0.196875 0.495312 0.189062 0.475000 0.193750 0.479687 0.209375 0.456250 0.212500 0.453125 0.225000 0.467187 0.235937 0.481250 0.237500 0.490625 0.231250 0.489063 0.217188 0.506250 0.210938
1 0.657813 0.112500 0.607812 0.143750 0.585938 0.178125 0.567187 0.182812 0.565625 0.200000 0.545312 0.203125 0.546875 0.215625 0.573438 0.218750 0.614062 0.165625 0.656250 0.137500
1 0.790625 0.117188 0.742188 0.134375 0.720313 0.095312 0.610938 0.207813 0.654687 0.232813 0.670312 0.204687 0.645312 0.187500 0.675000 0.164062 0.709375 0.209375 0.745313 0.212500 0.748437 0.143750 0.792188 0.154688
1 0.507812 0.081250 0.484375 0.067187 0.478125 0.078125 0.459375 0.079687 0.446875 0.095312 0.450000 0.101562 0.464062 0.106250 0.485938 0.100000 0.496875 0.085938 0.503125 0.087500
1 0.135937 0.037500 0.120313 0.057813 0.134375 0.103125 0.101562 0.118750 0.106250 0.153125 0.154688 0.123438 0.150000 0.106250 0.171875 0.082812 0.170313 0.062500
1 0.768750 0.035937 0.753125 0.046875 0.753125 0.067187 0.732812 0.073438 0.740625 0.084375 0.751563 0.078125 0.757812 0.098437 0.767188 0.093750 0.773438 0.078125 0.776563 0.043750
1 0.156250 0.159375 0.392188 0.232813 0.464062 0.150000 0.528125 0.195312 0.587500 0.134375 0.515625 0.146875 0.532813 0.096875 0.414062 0.153125 0.423438 0.093750 0.198437 0.035937