0 0.587500 0.589063 0.587500 0.607812 0.604688 0.620313 0.612500 0.615625 0.631250 0.625000 0.646875 0.615625 0.642188 0.604688 0.620313 0.592187 0.621875 0.581250 0.617188 0.578125 0.601562 0.590625
0 0.767188 0.470313 0.745313 0.467187 0.720313 0.500000 0.720313 0.507812 0.739062 0.515625 0.753125 0.514062 0.767188 0.493750
0 0.634375 0.465625 0.631250 0.500000 0.637500 0.509375 0.654687 0.518750 0.692187 0.517188 0.690625 0.481250 0.660937 0.459375
0 0.178125 0.443750 0.165625 0.464062 0.175000 0.500000 0.204687 0.503125 0.210938 0.495312 0.200000 0.468750 0.212500 0.456250
0 0.182812 0.548438 0.537500 0.651563 0.595313 0.415625 0.454688 0.478125 0.425000 0.396875 0.337500 0.457813 0.289062 0.410938 0.221875 0.485938 0.404687 0.512500
1 0.964063 0.957812 0.931250 0.960938 0.928125 0.973437 0.917188 0.978125 0.925000 0.989062 0.906250 0.985938 0.903125 0.998437 0.959375 0.998437
1 0.334375 0.864062 0.325000 0.878125 0.325000 0.895312 0.340625 0.912500 0.354687 0.914062 0.368750 0.898438 0.367188 0.871875 0.362500 0.868750 0.350000 0.873437
1 0.523438 0.853125 0.509375 0.860938 0.503125 0.912500 0.525000 0.957812 0.540625 0.960938 0.554688 0.953125 0.576562 0.903125 0.573438 0.860938
1 0.640625 0.851562 0.628125 0.864062 0.615625 0.857812 0.610938 0.860938 0.618750 0.884375 0.615625 0.895312 0.623437 0.904687 0.637500 0.898438 0.632812 0.890625 0.639062 0.882812 0.648438 0.882812 0.646875 0.859375
1 0.484375 0.850000 0.460938 0.865625 0.406250 0.862500 0.403125 0.901563 0.418750 0.937500 0.460938 0.940625 0.481250 0.920312
1 0.687500 0.775000 0.673438 0.796875 0.671875 0.810937 0.690625 0.820312 0.710938 0.812500 0.714063 0.795312 0.704688 0.787500 0.700000 0.789062
1 0.315625 0.754687 0.290625 0.773438 0.290625 0.790625 0.304688 0.815625 0.335938 0.817187 0.356250 0.804688 0.351562 0.775000 0.339062 0.762500
1 0.526563 0.789062 0.526563 0.826562 0.550000 0.842187 0.618750 0.840625 0.640625 0.815625 0.637500 0.778125 0.600000 0.750000 0.556250 0.754687
1 0.393750 0.792188 0.393750 0.815625 0.412500 0.842187 0.489063 0.834375 0.514062 0.820312 0.504687 0.771875 0.473438 0.745313 0.429688 0.743750
1 0.923438 0.700000 0.921875 0.715625 0.946875 0.732812 0.935937 0.748437 0.964063 0.760938 0.970313 0.754687 0.971875 0.707812 0.962500 0.700000
1 0.906250 0.362500 0.895312 0.390625 0.921875 0.392188 0.934375 0.410938 0.948438 0.398438 0.956250 0.410938 0.945312 0.425000 0.979688 0.453125 0.981250 0.359375
1 0.537500 0.200000 0.504687 0.226562 0.514062 0.239063 0.503125 0.250000 0.525000 0.262500 0.531250 0.282813 0.564063 0.282813 0.575000 0.276562 0.567187 0.267188 0.573438 0.260937 0.567187 0.214062
1 0.385937 0.229687 0.400000 0.264062 0.421875 0.275000 0.456250 0.270313 0.482812 0.240625 0.459375 0.200000 0.432812 0.207813 0.400000 0.200000
1 0.865625 0.192188 0.850000 0.184375 0.834375 0.185938 0.818750 0.198437 0.817187 0.212500 0.829688 0.223438 0.850000 0.221875 0.865625 0.207813
1 0.309375 0.181250 0.301563 0.192188 0.307812 0.220312 0.298438 0.231250 0.309375 0.240625 0.318750 0.240625 0.334375 0.228125 0.335938 0.204687
1 0.684375 0.112500 0.668750 0.126562 0.668750 0.142187 0.675000 0.150000 0.690625 0.154688 0.710938 0.139063 0.714063 0.131250 0.710938 0.123438
1 0.140625 0.110937 0.128125 0.117188 0.139063 0.159375 0.153125 0.165625 0.178125 0.143750 0.182812 0.129688 0.165625 0.115625
1 0.507812 0.104688 0.500000 0.156250 0.509375 0.168750 0.607812 0.171875 0.614062 0.154688 0.564063 0.103125 0.523438 0.092188
1 0.268750 0.075000 0.262500 0.081250 0.270313 0.098437 0.253125 0.095312 0.225000 0.115625 0.228125 0.142187 0.243750 0.157812 0.284375 0.146875 0.289062 0.134375 0.276562 0.118750 0.298438 0.107813 0.290625 0.087500
1 0.440625 0.075000 0.406250 0.087500 0.346875 0.145313 0.359375 0.184375 0.465625 0.154688 0.456250 0.090625