1 0.243750 0.875000 0.278125 0.917188 0.453125 0.907813 0.375000 0.892188 0.287500 0.900000 0.276562 0.879687
1 0.751563 0.829688 0.740625 0.826562 0.703125 0.857812 0.643750 0.884375 0.692187 0.876563 0.750000 0.839063
1 0.134375 0.793750 0.140625 0.820312 0.185938 0.856250 0.225000 0.856250 0.220312 0.832812 0.209375 0.840625 0.173437 0.829688 0.184375 0.810937 0.173437 0.784375 0.157812 0.785937 0.167187 0.807813
1 0.868750 0.754687 0.803125 0.781250 0.809375 0.790625 0.779687 0.821875 0.815625 0.823438 0.837500 0.809375 0.871875 0.767188
1 0.992188 0.571875 0.962500 0.604688 0.943750 0.665625 0.925000 0.671875 0.925000 0.712500 0.960938 0.645312 0.998437 0.609375
1 0.450000 0.532813 0.406250 0.531250 0.400000 0.535937 0.404687 0.545312 0.389062 0.546875 0.390625 0.557813 0.406250 0.559375 0.409375 0.568750 0.420312 0.571875 0.448437 0.556250 0.442188 0.540625
1 0.496875 0.520312 0.475000 0.528125 0.467187 0.537500 0.470313 0.543750 0.457813 0.543750 0.456250 0.551562 0.462500 0.556250 0.468750 0.553125 0.476562 0.567187 0.482812 0.559375 0.496875 0.556250 0.504687 0.548438 0.504687 0.528125
1 0.571875 0.518750 0.517188 0.526563 0.515625 0.548438 0.528125 0.557813 0.535937 0.551562 0.545312 0.562500 0.557813 0.550000 0.573438 0.551562
1 0.584375 0.514062 0.576562 0.525000 0.589063 0.535937 0.587500 0.548438 0.596875 0.562500 0.620313 0.564063 0.637500 0.550000 0.629687 0.535937 0.635938 0.523438 0.632812 0.510938 0.607812 0.504687
1 0.337500 0.351562 0.326562 0.351562 0.320312 0.360938 0.326562 0.389062 0.318750 0.384375 0.306250 0.398438 0.314063 0.426563 0.340625 0.395313 0.329688 0.373437 0.329688 0.360938 0.342187 0.360938
1 0.409375 0.331250 0.404687 0.404687 0.443750 0.407813 0.459375 0.378125 0.451562 0.406250 0.484375 0.409375 0.484375 0.375000 0.451562 0.370312 0.481250 0.348438 0.465625 0.340625 0.439063 0.365625 0.451562 0.345313
1 0.592187 0.328125 0.526563 0.332813 0.515625 0.371875 0.532813 0.398438 0.565625 0.393750 0.573438 0.346875 0.582812 0.360938 0.604688 0.362500 0.590625 0.346875