0 0.998437 0.914062 0.971875 0.926562 0.954688 0.951562 0.928125 0.950000 0.918750 0.967187 0.998437 0.978125
0 0.000000 0.048438 0.156250 0.115625 0.000000 0.262500 0.106250 0.398438 0.001563 0.814063 0.962500 0.878125 0.985938 0.289062 0.857812 0.135937 0.998437 0.076563
1 0.098437 0.989062 0.860938 0.998437 0.184375 0.910937 0.170313 0.962500 0.160938 0.909375
1 0.000000 0.998437 0.079687 0.992188 0.146875 0.918750 0.093750 0.904687 0.087500 0.973437 0.065625 0.964063 0.081250 0.918750 0.009375 0.970313 0.042188 0.932813 0.020313 0.910937 0.059375 0.900000 0.000000 0.892188
1 0.906250 0.000000 0.910937 0.043750 0.975000 0.042188 0.975000 0.000000
1 0.895312 0.004687 0.853125 0.001563 0.837500 0.017188 0.828125 0.040625 0.867188 0.040625 0.881250 0.017188 0.892188 0.025000 0.900000 0.020313
1 0.595313 0.000000 0.600000 0.035937 0.684375 0.021875 0.782813 0.042188 0.796875 0.015625 0.810937 0.042188 0.825000 0.006250
1 0.426563 0.000000 0.434375 0.034375 0.595313 0.032813 0.592187 0.000000 0.576562 0.000000 0.573438 0.028125 0.560937 0.000000
1 0.376563 0.001563 0.375000 0.031250 0.426563 0.031250 0.423438 0.000000
1 0.087500 0.021875 0.165625 0.028125 0.225000 0.010937 0.237500 0.018750 0.254688 0.000000 0.139063 0.000000 0.092188 0.010937
1 0.000000 0.021875 0.109375 0.000000 0.000000 0.000000