0 0.570312 0.445312 0.621875 0.484375 0.648438 0.481250 0.659375 0.451562 0.682813 0.471875 0.670312 0.487500 0.681250 0.515625 0.726562 0.517188 0.692187 0.485938 0.720313 0.467187 0.650000 0.432812 0.615625 0.470313
0 0.725000 0.270313 0.212500 0.329688 0.332813 0.331250 0.385937 0.398438 0.412500 0.351562 0.417187 0.448437 0.495312 0.414062 0.421875 0.479687 0.495312 0.490625 0.528125 0.357812
1 0.901563 0.892188 0.901563 0.992188 0.998437 0.998437 0.998437 0.901563
1 0.778125 0.946875 0.657813 0.850000 0.687500 0.917188 0.432812 0.934375 0.203125 0.853125 0.103125 0.968750
1 0.907813 0.804688 0.900000 0.884375 0.921875 0.885938 0.907813 0.876563 0.926562 0.842187 0.928125 0.889062 0.945312 0.853125 0.954688 0.892188 0.998437 0.896875 0.998437 0.810937 0.976562 0.812500 0.962500 0.848437 0.943750 0.806250
1 0.998437 0.807813 0.998437 0.787500 0.984375 0.790625 0.968750 0.775000 0.946875 0.790625 0.923438 0.781250 0.901563 0.792188 0.906250 0.798438
1 0.903125 0.718750 0.906250 0.765625 0.926562 0.764062 0.942187 0.731250 0.965625 0.742188 0.967187 0.759375 0.943750 0.737500 0.926562 0.771875 0.939063 0.785937 0.968750 0.760938 0.998437 0.762500 0.998437 0.723437
1 0.259375 0.732812 0.295312 0.743750 0.304688 0.740625 0.320312 0.718750 0.271875 0.703125 0.259375 0.714063
1 0.903125 0.687500 0.910937 0.712500 0.998437 0.720313 0.996875 0.659375 0.975000 0.659375 0.970313 0.681250 0.956250 0.675000 0.954688 0.657813 0.937500 0.654687 0.918750 0.682813
1 0.721875 0.614062 0.692187 0.623437 0.714063 0.667188 0.687500 0.650000 0.678125 0.671875 0.617188 0.679688 0.604688 0.731250 0.573438 0.734375 0.612500 0.760938 0.639062 0.714063 0.692187 0.745313 0.695312 0.675000 0.739062 0.704688
1 0.926562 0.590625 0.940625 0.610938 0.959375 0.612500 0.932813 0.628125 0.937500 0.635938 0.954688 0.634375 0.967187 0.618750 0.984375 0.635938 0.998437 0.626563 0.998437 0.592187
1 0.253125 0.601562 0.210938 0.593750 0.203125 0.614062 0.243750 0.629687 0.218750 0.628125 0.225000 0.645312 0.203125 0.659375 0.146875 0.643750 0.137500 0.685937 0.159375 0.685937 0.176563 0.657813 0.235937 0.670312
1 0.906250 0.523438 0.929688 0.534375 0.942187 0.557813 0.964063 0.551562 0.970313 0.567187 0.998437 0.546875 0.998437 0.525000
1 0.917188 0.409375 0.932813 0.428125 0.940625 0.456250 0.998437 0.459375 0.998437 0.409375
1 0.910937 0.385937 0.915625 0.403125 0.998437 0.404687 0.996875 0.384375
1 0.928125 0.270313 0.943750 0.320312 0.912500 0.323437 0.910937 0.368750 0.996875 0.373437 0.998437 0.345313 0.928125 0.342187 0.998437 0.342187 0.998437 0.268750
1 0.987500 0.081250 0.979688 0.096875 0.915625 0.101562 0.918750 0.245312 0.998437 0.245312 0.998437 0.210938 0.954688 0.207813 0.998437 0.206250
1 0.781250 0.031250 0.571875 0.193750 0.629687 0.160938 0.607812 0.206250 0.651563 0.234375 0.668750 0.196875 0.631250 0.206250 0.675000 0.164062 0.748437 0.210938 0.746875 0.145313 0.796875 0.145313
1 0.093750 0.043750 0.093750 0.150000 0.264062 0.153125 0.267188 0.228125 0.335938 0.184375 0.390625 0.234375 0.459375 0.150000 0.526563 0.195312 0.585938 0.132812 0.518750 0.143750 0.531250 0.096875 0.414062 0.154688 0.390625 0.090625