0 0.120313 0.035937 0.179688 0.990625 0.598437 0.890625 0.735938 0.998437 0.881250 0.840625 0.948438 0.998437 0.921875 0.000000 0.860938 0.140625 0.709375 0.012500
0 0.084375 0.000000 0.020313 0.000000 0.028125 0.078125 0.048438 0.070312 0.045312 0.043750 0.071875 0.026562
1 0.998437 0.890625 0.976562 0.998437 0.998437 0.998437
1 0.079687 0.853125 0.004687 0.918750 0.000000 0.998437 0.106250 0.998437 0.096875 0.940625 0.087500 0.978125 0.068750 0.956250 0.028125 0.989062 0.028125 0.954688 0.089063 0.946875 0.062500 0.940625 0.078125 0.914062 0.025000 0.910937 0.092188 0.909375
1 0.998437 0.743750 0.978125 0.759375 0.987500 0.771875 0.971875 0.826562 0.978125 0.910937 0.987500 0.907813 0.998437 0.859375
1 0.965625 0.573438 0.965625 0.623437 0.996875 0.621875 0.998437 0.575000
1 0.967187 0.403125 0.964063 0.565625 0.998437 0.571875 0.998437 0.437500 0.970313 0.429688 0.998437 0.421875 0.998437 0.406250
1 0.995313 0.171875 0.956250 0.184375 0.982812 0.201563 0.956250 0.234375 0.975000 0.243750 0.957812 0.259375 0.975000 0.267188 0.960938 0.292187 0.976562 0.314063 0.960938 0.396875 0.998437 0.403125
1 0.000000 0.135937 0.000000 0.790625 0.045312 0.814063 0.000000 0.832812 0.089063 0.835938 0.035937 0.828125 0.087500 0.814063
1 0.987500 0.100000 0.975000 0.101562 0.981250 0.117188 0.956250 0.134375 0.954688 0.167187 0.959375 0.170313 0.981250 0.160938 0.998437 0.142187 0.998437 0.107813
1 0.954688 0.025000 0.953125 0.085938 0.998437 0.092188 0.998437 0.023438