0 0.998437 0.560937 0.957812 0.575000 0.928125 0.554688 0.882812 0.600000 0.818750 0.584375 0.803125 0.601562 0.815625 0.629687 0.876563 0.648438 0.912500 0.623437 0.964063 0.623437
0 0.184375 0.612500 0.131250 0.521875 0.096875 0.575000 0.067187 0.582812 0.000000 0.546875 0.000000 0.595313 0.073438 0.645312 0.126562 0.645312 0.137500 0.600000
0 0.206250 0.540625 0.234375 0.550000 0.231250 0.581250 0.254688 0.571875 0.278125 0.590625 0.323437 0.553125 0.310937 0.531250 0.292187 0.545312 0.300000 0.565625 0.275000 0.565625 0.259375 0.525000 0.225000 0.510938
0 0.326562 0.506250 0.421875 0.617188 0.678125 0.670312 0.750000 0.639062 0.776563 0.568750 0.696875 0.590625 0.667188 0.518750 0.587500 0.542188 0.551562 0.490625 0.370312 0.551562
0 0.162500 0.489063 0.143750 0.465625 0.129688 0.476562 0.082812 0.473438 0.067187 0.479687 0.075000 0.490625 0.096875 0.490625 0.126562 0.506250
0 0.870313 0.356250 0.806250 0.343750 0.812500 0.398438 0.778125 0.439063 0.731250 0.414062 0.726562 0.453125 0.775000 0.453125 0.815625 0.432812 0.820312 0.407813 0.850000 0.412500
0 0.743750 0.329688 0.704688 0.368750 0.664062 0.345313 0.685937 0.393750 0.692187 0.450000 0.751563 0.354687
0 0.962500 0.310937 0.914062 0.409375 0.909375 0.478125 0.956250 0.479687 0.946875 0.517188 0.968750 0.542188 0.989062 0.534375 0.970313 0.503125 0.998437 0.484375 0.998437 0.339062
0 0.365625 0.304688 0.337500 0.314063 0.301563 0.367188 0.275000 0.364063 0.301563 0.439063 0.321875 0.351562
0 0.000000 0.359375 0.000000 0.414062 0.053125 0.431250 0.051562 0.365625 0.084375 0.351562 0.165625 0.432812 0.200000 0.414062 0.189062 0.362500 0.240625 0.335938 0.196875 0.321875 0.171875 0.346875 0.148438 0.314063 0.143750 0.348438 0.048438 0.289062
0 0.523438 0.270313 0.504687 0.282813 0.482812 0.278125 0.460938 0.317188 0.473438 0.325000 0.514062 0.318750 0.534375 0.292187
1 0.000000 0.157812 0.000000 0.257812 0.095312 0.215625 0.295312 0.221875 0.276562 0.209375 0.290625 0.187500 0.078125 0.143750
1 0.614062 0.075000 0.564063 0.035937 0.537500 0.064062 0.512500 0.071875 0.531250 0.096875 0.560937 0.060937 0.606250 0.082812
1 0.351562 0.031250 0.370312 0.040625 0.395313 0.042188 0.403125 0.031250 0.428125 0.020313 0.420312 0.000000 0.357812 0.000000