0 0.282813 0.517188 0.320312 0.512500 0.315625 0.471875 0.339062 0.451562 0.359375 0.484375 0.418750 0.453125 0.446875 0.490625 0.467187 0.471875 0.423438 0.442188 0.373437 0.468750 0.348438 0.432812 0.284375 0.467187 0.306250 0.485938
0 0.273438 0.270313 0.357812 0.387500 0.404687 0.340625 0.475000 0.384375 0.503125 0.490625 0.576562 0.478125 0.507812 0.410938 0.579688 0.450000 0.579688 0.371875 0.785937 0.331250
1 0.651563 0.923438 0.610938 0.918750 0.578125 0.932813 0.578125 0.967187 0.598437 0.998437 0.648438 0.995313 0.664062 0.959375 0.664062 0.934375
1 0.518750 0.912500 0.512500 0.920312 0.521875 0.926562 0.496875 0.937500 0.498437 0.984375 0.509375 0.998437 0.548438 0.998437 0.548438 0.984375 0.568750 0.962500 0.570312 0.940625
1 0.671875 0.928125 0.668750 0.967187 0.700000 0.996875 0.746875 0.998437 0.754687 0.951562 0.731250 0.910937
1 0.342187 0.935937 0.345313 0.998437 0.409375 0.976562 0.412500 0.928125 0.425000 0.998437 0.464062 0.998437 0.487500 0.962500 0.448437 0.960938 0.473438 0.934375 0.451562 0.907813
1 0.301563 0.906250 0.271875 0.959375 0.270313 0.998437 0.300000 0.996875 0.329688 0.962500 0.331250 0.929688 0.321875 0.929688
1 0.767188 0.856250 0.770312 0.884375 0.717187 0.900000 0.773438 0.931250 0.770312 0.956250 0.818750 0.979688 0.823438 0.939063 0.784375 0.932813 0.818750 0.868750
1 0.737500 0.710938 0.725000 0.704688 0.714063 0.712500 0.703125 0.712500 0.687500 0.725000 0.690625 0.737500 0.712500 0.742188 0.720313 0.734375 0.735938 0.735938
1 0.450000 0.696875 0.437500 0.706250 0.437500 0.715625 0.453125 0.753125 0.481250 0.732812 0.482812 0.721875 0.465625 0.721875 0.460938 0.706250
1 0.259375 0.676562 0.264062 0.707812 0.301563 0.695312 0.315625 0.750000 0.359375 0.714063 0.384375 0.759375 0.425000 0.732812 0.414062 0.701562 0.381250 0.698438 0.381250 0.679688 0.306250 0.681250 0.287500 0.664062
1 0.807813 0.653125 0.809375 0.668750 0.832812 0.668750 0.839063 0.685937 0.860938 0.685937 0.860938 0.660937 0.850000 0.648438 0.834375 0.643750
1 0.790625 0.596875 0.762500 0.589063 0.748437 0.600000 0.748437 0.623437 0.754687 0.626563 0.767188 0.617188 0.784375 0.623437 0.793750 0.609375
1 0.489063 0.196875 0.492188 0.210938 0.509375 0.217188 0.510938 0.234375 0.531250 0.235937 0.545312 0.225000 0.542188 0.212500 0.518750 0.209375 0.523438 0.206250 0.521875 0.192188 0.503125 0.189062
1 0.340625 0.112500 0.342187 0.137500 0.384375 0.165625 0.425000 0.218750 0.451562 0.215625 0.453125 0.203125 0.432812 0.200000 0.431250 0.182812 0.412500 0.178125 0.390625 0.143750
1 0.207813 0.117188 0.206250 0.154688 0.250000 0.143750 0.253125 0.212500 0.289062 0.209375 0.323437 0.164062 0.353125 0.187500 0.328125 0.204687 0.343750 0.232813 0.387500 0.207813 0.278125 0.095312 0.256250 0.134375
1 0.490625 0.081250 0.495312 0.087500 0.501563 0.085938 0.512500 0.100000 0.534375 0.106250 0.548438 0.101562 0.551562 0.095312 0.539062 0.079687 0.520312 0.078125 0.514062 0.067187
1 0.862500 0.037500 0.828125 0.062500 0.826562 0.082812 0.848437 0.106250 0.843750 0.123438 0.892188 0.153125 0.896875 0.118750 0.864062 0.103125 0.878125 0.057813
1 0.842187 0.159375 0.800000 0.035937 0.575000 0.093750 0.584375 0.153125 0.465625 0.096875 0.482812 0.146875 0.410938 0.134375 0.470313 0.195312 0.534375 0.150000 0.606250 0.232813
1 0.229687 0.035937 0.221875 0.043750 0.225000 0.078125 0.231250 0.093750 0.240625 0.098437 0.246875 0.090625 0.245312 0.079687 0.257812 0.084375 0.265625 0.073438 0.245312 0.067187 0.245312 0.046875