0 0.410938 0.589063 0.396875 0.590625 0.381250 0.578125 0.376563 0.581250 0.378125 0.592187 0.356250 0.604688 0.351562 0.615625 0.367188 0.625000 0.385937 0.615625 0.393750 0.620313 0.410938 0.607812
0 0.231250 0.470313 0.231250 0.493750 0.245312 0.514062 0.259375 0.515625 0.278125 0.507812 0.278125 0.500000 0.253125 0.467187
0 0.364063 0.465625 0.337500 0.459375 0.307812 0.481250 0.306250 0.517188 0.343750 0.518750 0.360938 0.509375 0.367188 0.500000
0 0.820312 0.443750 0.785937 0.456250 0.798438 0.468750 0.787500 0.495312 0.793750 0.503125 0.823438 0.500000 0.832812 0.464062
0 0.815625 0.548438 0.593750 0.512500 0.776563 0.485938 0.709375 0.410938 0.660937 0.457813 0.573438 0.396875 0.543750 0.478125 0.403125 0.415625 0.460938 0.651563
1 0.034375 0.957812 0.039062 0.998437 0.095312 0.998437 0.092188 0.985938 0.073438 0.989062 0.081250 0.978125 0.070312 0.973437 0.067187 0.960938
1 0.664062 0.864062 0.648438 0.873437 0.635938 0.868750 0.631250 0.871875 0.629687 0.898438 0.643750 0.914062 0.657813 0.912500 0.673438 0.895312 0.673438 0.878125
1 0.475000 0.853125 0.425000 0.860938 0.421875 0.903125 0.443750 0.953125 0.457813 0.960938 0.473438 0.957812 0.495312 0.912500 0.489063 0.860938
1 0.357812 0.851562 0.351562 0.859375 0.350000 0.882812 0.359375 0.882812 0.365625 0.890625 0.360938 0.898438 0.375000 0.904687 0.382812 0.895312 0.379688 0.884375 0.387500 0.860938 0.382812 0.857812 0.370312 0.864062
1 0.514062 0.850000 0.517188 0.920312 0.537500 0.940625 0.579688 0.937500 0.595313 0.901563 0.592187 0.862500 0.537500 0.865625
1 0.310937 0.775000 0.298438 0.789062 0.293750 0.787500 0.284375 0.795312 0.287500 0.812500 0.307812 0.820312 0.326562 0.810937 0.325000 0.796875
1 0.682813 0.754687 0.659375 0.762500 0.646875 0.775000 0.642188 0.804688 0.662500 0.817187 0.693750 0.815625 0.707812 0.790625 0.707812 0.773438
1 0.360938 0.778125 0.357812 0.815625 0.379688 0.840625 0.448437 0.842187 0.471875 0.826562 0.471875 0.789062 0.439063 0.753125 0.398438 0.750000
1 0.493750 0.771875 0.484375 0.812500 0.493750 0.829688 0.582812 0.842187 0.596875 0.834375 0.604688 0.792188 0.568750 0.743750 0.525000 0.745313
1 0.075000 0.700000 0.035937 0.700000 0.026562 0.707812 0.028125 0.754687 0.034375 0.760938 0.062500 0.748437 0.051562 0.732812 0.076563 0.715625
1 0.092188 0.362500 0.017188 0.359375 0.018750 0.453125 0.053125 0.425000 0.042188 0.410938 0.050000 0.398438 0.064062 0.410938 0.076563 0.392188 0.103125 0.390625
1 0.529687 0.206250 0.515625 0.240625 0.542188 0.270313 0.576562 0.275000 0.598437 0.264062 0.612500 0.237500 0.601562 0.201563
1 0.460938 0.200000 0.431250 0.214062 0.425000 0.235937 0.431250 0.267188 0.423438 0.276562 0.434375 0.282813 0.467187 0.282813 0.473438 0.262500 0.495312 0.250000 0.484375 0.239063 0.493750 0.226562
1 0.132812 0.192188 0.132812 0.207813 0.148438 0.221875 0.168750 0.223438 0.181250 0.212500 0.179688 0.198437 0.164062 0.185938 0.148438 0.184375
1 0.689063 0.181250 0.662500 0.204687 0.664062 0.228125 0.679688 0.240625 0.689063 0.240625 0.700000 0.231250 0.690625 0.220312 0.696875 0.192188
1 0.314063 0.112500 0.287500 0.123438 0.284375 0.135937 0.307812 0.154688 0.323437 0.150000 0.329688 0.142187 0.329688 0.126562
1 0.857812 0.110937 0.832812 0.115625 0.815625 0.129688 0.820312 0.143750 0.845313 0.165625 0.859375 0.159375 0.870313 0.117188
1 0.490625 0.104688 0.475000 0.092188 0.434375 0.103125 0.384375 0.154688 0.390625 0.171875 0.489063 0.168750 0.498437 0.156250
1 0.729688 0.075000 0.707812 0.087500 0.700000 0.107813 0.721875 0.118750 0.709375 0.134375 0.714063 0.146875 0.754687 0.157812 0.770312 0.142187 0.773438 0.115625 0.745313 0.095312 0.728125 0.098437 0.735938 0.081250
1 0.557813 0.075000 0.542188 0.090625 0.532813 0.154688 0.639062 0.184375 0.651563 0.145313 0.592187 0.087500