0 0.379688 0.898438 0.353125 0.857812 0.340625 0.862500 0.345313 0.882812 0.309375 0.871875 0.237500 0.901563 0.251563 0.926562 0.360938 0.917188
0 0.362500 0.043750 0.368750 0.065625 0.390625 0.071875 0.404687 0.062500 0.423438 0.060937 0.432812 0.039062 0.414062 0.025000 0.382812 0.021875
0 0.940625 0.000000 0.965625 0.032813 0.951562 0.068750 0.965625 0.076563 0.971875 0.068750 0.978125 0.000000
0 0.076563 0.000000 0.050000 0.998437 0.410938 0.757812 0.609375 0.931250 0.648438 0.706250 0.873437 0.912500 0.906250 0.082812 0.685937 0.293750 0.609375 0.000000 0.390625 0.196875
1 0.921875 0.915625 0.973437 0.956250 0.954688 0.964063 0.971875 0.987500 0.935937 0.985938 0.923438 0.956250 0.915625 0.998437 0.998437 0.998437 0.990625 0.939063 0.975000 0.934375 0.992188 0.920312 0.970313 0.914062 0.953125 0.934375 0.956250 0.918750
1 0.918750 0.853125 0.920312 0.871875 0.904687 0.885938 0.906250 0.907813 0.968750 0.906250 0.965625 0.895312 0.934375 0.876563 0.946875 0.875000 0.946875 0.865625 0.932813 0.865625 0.931250 0.853125
1 0.992188 0.840625 0.962500 0.829688 0.909375 0.835938 0.914062 0.846875 0.948438 0.840625 0.942187 0.854688 0.951562 0.860938 0.973437 0.856250 0.979688 0.843750 0.987500 0.846875
1 0.945312 0.560937 0.932813 0.640625 0.948438 0.659375 0.928125 0.673438 0.959375 0.693750 0.925000 0.706250 0.998437 0.756250 0.981250 0.623437 0.957812 0.618750 0.978125 0.612500 0.957812 0.589063 0.973437 0.567187
1 0.967187 0.478125 0.975000 0.551562 0.985938 0.559375 0.984375 0.567187 0.998437 0.570312 0.998437 0.471875
1 0.998437 0.317188 0.967187 0.323437 0.957812 0.421875 0.968750 0.470313 0.998437 0.467187
1 0.998437 0.137500 0.985938 0.148438 0.973437 0.315625 0.998437 0.314063