0 0.525000 0.529687 0.507812 0.553125 0.543750 0.584375 0.514062 0.639062 0.546875 0.662500 0.482812 0.679688 0.482812 0.715625 0.514062 0.693750 0.531250 0.707812 0.565625 0.651563 0.529687 0.626563 0.556250 0.573438
0 0.670312 0.210938 0.628125 0.417187 0.550000 0.417187 0.589063 0.489063 0.523438 0.421875 0.507812 0.495312 0.614062 0.526563 0.657813 0.595313 0.609375 0.639062 0.726562 0.725000
1 0.900000 0.757812 0.904687 0.767188 0.929688 0.775000 0.954688 0.776563 0.964063 0.770312 0.953125 0.754687 0.931250 0.753125 0.929688 0.739062 0.920312 0.731250 0.914062 0.740625 0.920312 0.751563
1 0.146875 0.657813 0.104688 0.668750 0.109375 0.700000 0.065625 0.667188 0.037500 0.668750 0.001563 0.698438 0.000000 0.728125 0.037500 0.726562 0.079687 0.700000 0.126562 0.703125 0.123438 0.681250
1 0.785937 0.614062 0.765625 0.654687 0.793750 0.670312 0.810937 0.645312 0.834375 0.673438 0.787500 0.710938 0.785937 0.745313 0.854688 0.748437 0.842187 0.789062 0.882812 0.789062 0.864062 0.742188 0.903125 0.720313 0.817187 0.618750
1 0.268750 0.571875 0.239063 0.615625 0.284375 0.639062 0.248438 0.682813 0.303125 0.696875 0.292187 0.735938 0.334375 0.728125 0.317188 0.692187 0.320312 0.621875
1 0.781250 0.548438 0.778125 0.573438 0.795312 0.576562 0.860938 0.656250 0.885938 0.657813 0.856250 0.610938 0.820312 0.585938 0.818750 0.570312 0.798438 0.565625 0.798438 0.548438
1 0.268750 0.515625 0.246875 0.548438 0.285938 0.562500 0.293750 0.559375 0.301563 0.546875 0.276562 0.532813 0.279687 0.515625
1 0.054688 0.509375 0.000000 0.534375 0.000000 0.573438 0.070312 0.579688 0.017188 0.593750 0.000000 0.654687 0.064062 0.654687 0.073438 0.600000 0.090625 0.601562 0.089063 0.539062 0.067187 0.523438 0.048438 0.553125 0.029687 0.532813
1 0.775000 0.453125 0.762500 0.467187 0.760938 0.482812 0.768750 0.490625 0.781250 0.489063 0.784375 0.503125 0.800000 0.509375 0.807813 0.498437 0.807813 0.476562 0.789062 0.479687 0.787500 0.456250
1 0.065625 0.434375 0.035937 0.429688 0.014063 0.450000 0.000000 0.450000 0.000000 0.489063 0.018750 0.501563 0.053125 0.503125 0.071875 0.476562 0.084375 0.481250
1 0.001563 0.351562 0.000000 0.400000 0.032813 0.420312 0.067187 0.418750 0.081250 0.370312 0.068750 0.337500 0.039062 0.334375
1 0.282813 0.259375 0.260937 0.262500 0.264062 0.278125 0.257812 0.282813 0.256250 0.296875 0.257812 0.304688 0.270313 0.310937 0.285938 0.295312 0.285938 0.284375 0.292187 0.278125 0.292187 0.264062
1 0.325000 0.200000 0.325000 0.228125 0.340625 0.245312 0.373437 0.220312 0.381250 0.228125 0.376563 0.250000 0.395313 0.250000 0.410938 0.235937 0.398438 0.206250 0.353125 0.225000 0.335938 0.198437
1 0.128125 0.179688 0.065625 0.214062 0.059375 0.176563 0.018750 0.179688 0.100000 0.273438 0.046875 0.243750 0.000000 0.251563 0.029687 0.328125 0.071875 0.325000 0.114062 0.228125 0.142187 0.232813
1 0.840625 0.156250 0.765625 0.376563 0.848437 0.464062 0.803125 0.531250 0.862500 0.585938 0.851562 0.515625 0.901563 0.531250 0.845313 0.414062 0.906250 0.420312 0.962500 0.196875
1 0.310937 0.139063 0.312500 0.160938 0.329688 0.165625 0.332813 0.178125 0.328125 0.187500 0.334375 0.192188 0.346875 0.189062 0.354687 0.164062 0.350000 0.148438 0.335938 0.137500
1 0.845313 0.103125 0.873437 0.153125 0.892188 0.150000 0.917188 0.173437 0.934375 0.170313 0.959375 0.142187 0.950000 0.121875 0.895312 0.134375 0.881250 0.103125