0 0.725000 0.728125 0.640625 0.610938 0.593750 0.657813 0.523438 0.614062 0.495312 0.507812 0.421875 0.520312 0.490625 0.587500 0.418750 0.548438 0.418750 0.626563 0.212500 0.667188
0 0.715625 0.481250 0.678125 0.485938 0.682813 0.526563 0.659375 0.546875 0.639062 0.514062 0.579688 0.545312 0.551562 0.507812 0.531250 0.526563 0.575000 0.556250 0.625000 0.529687 0.650000 0.565625 0.714063 0.531250 0.692187 0.512500
1 0.757812 0.900000 0.751563 0.907813 0.753125 0.918750 0.740625 0.914062 0.732812 0.925000 0.753125 0.931250 0.753125 0.951562 0.768750 0.962500 0.776563 0.954688 0.773438 0.920312 0.767188 0.904687
1 0.446875 0.903125 0.459375 0.918750 0.478125 0.920312 0.484375 0.931250 0.507812 0.917188 0.503125 0.910937 0.496875 0.912500 0.485938 0.898438 0.464062 0.892188 0.450000 0.896875
1 0.106250 0.845313 0.101562 0.879687 0.134375 0.895312 0.120313 0.940625 0.135937 0.960938 0.170313 0.935937 0.171875 0.915625 0.150000 0.892188 0.154688 0.875000
1 0.546875 0.782813 0.545312 0.795312 0.565625 0.798438 0.567187 0.815625 0.585938 0.820312 0.607812 0.854688 0.657813 0.885938 0.656250 0.860938 0.614062 0.832812 0.573438 0.779687
1 0.587500 0.860938 0.528125 0.803125 0.464062 0.848437 0.392188 0.765625 0.156250 0.839063 0.198437 0.962500 0.423438 0.904687 0.414062 0.845313 0.532813 0.901563 0.515625 0.851562
1 0.610938 0.790625 0.720313 0.903125 0.742188 0.864062 0.790625 0.881250 0.792188 0.843750 0.748437 0.854688 0.745313 0.785937 0.709375 0.789062 0.675000 0.834375 0.645312 0.810937 0.670312 0.793750 0.654687 0.765625
1 0.453125 0.773438 0.456250 0.785937 0.479687 0.789062 0.475000 0.792188 0.476562 0.806250 0.495312 0.809375 0.509375 0.801562 0.506250 0.787500 0.489063 0.781250 0.487500 0.764062 0.467187 0.762500
1 0.250000 0.375000 0.243750 0.371875 0.231250 0.381250 0.214062 0.375000 0.204687 0.389062 0.207813 0.401562 0.235937 0.409375 0.250000 0.398438
1 0.137500 0.312500 0.137500 0.337500 0.148438 0.350000 0.164062 0.354687 0.190625 0.345313 0.189062 0.329688 0.165625 0.329688 0.159375 0.312500
1 0.307812 0.260937 0.285938 0.256250 0.278125 0.264062 0.262500 0.262500 0.260937 0.287500 0.273438 0.293750 0.284375 0.285938 0.295312 0.285938 0.310937 0.273438
1 0.545312 0.245312 0.517188 0.265625 0.515625 0.276562 0.532813 0.276562 0.537500 0.292187 0.548438 0.301563 0.560937 0.292187 0.560937 0.282813
1 0.573438 0.265625 0.584375 0.296875 0.617188 0.300000 0.617188 0.318750 0.692187 0.317188 0.710938 0.334375 0.739062 0.321875 0.734375 0.290625 0.696875 0.303125 0.682813 0.248438 0.639062 0.284375 0.614062 0.239063
1 0.179688 0.018750 0.175000 0.059375 0.214062 0.065625 0.179688 0.129688 0.231250 0.142187 0.228125 0.114062 0.281250 0.098437 0.225000 0.067187 0.228125 0.042188
1 0.728125 0.000000 0.698438 0.001563 0.668750 0.035937 0.667188 0.068750 0.676562 0.068750 0.696875 0.092188 0.726562 0.039062
1 0.510938 0.035937 0.550000 0.037500 0.525000 0.064062 0.534375 0.085938 0.600000 0.090625 0.600000 0.073438 0.656250 0.062500 0.657813 0.007812 0.612500 0.000000 0.589063 0.021875 0.585938 0.070312 0.573438 0.000000 0.534375 0.000000
1 0.450000 0.000000 0.450000 0.014063 0.429688 0.035937 0.428125 0.057813 0.479687 0.085938 0.485938 0.078125 0.476562 0.071875 0.501563 0.060937 0.500000 0.014063 0.489063 0.000000
1 0.350000 0.003125 0.334375 0.039062 0.339062 0.068750 0.370312 0.081250 0.420312 0.065625 0.420312 0.031250 0.400000 0.000000
1 0.251563 0.000000 0.243750 0.046875 0.267188 0.087500 0.326562 0.070312 0.329688 0.031250 0.298438 0.001563