0 0.765625 0.468750 0.745313 0.467187 0.720313 0.500000 0.720313 0.506250 0.739062 0.515625 0.753125 0.514062 0.767188 0.493750
0 0.631250 0.467187 0.631250 0.500000 0.637500 0.509375 0.656250 0.518750 0.692187 0.517188 0.693750 0.479687 0.681250 0.478125 0.659375 0.457813
0 0.168750 0.454688 0.406250 0.507812 0.340625 0.578125 0.192188 0.540625 0.250000 0.604688 0.648438 0.615625 0.550000 0.517188 0.581250 0.406250
1 0.960938 0.942187 0.946875 0.935937 0.901563 0.962500 0.885938 0.978125 0.889062 0.998437 0.957812 0.998437
1 0.331250 0.864062 0.317188 0.885938 0.317188 0.898438 0.343750 0.921875 0.367188 0.914062 0.376563 0.898438 0.371875 0.871875 0.364063 0.865625 0.357812 0.870313
1 0.484375 0.856250 0.404687 0.860938 0.400000 0.900000 0.418750 0.942187 0.451562 0.950000 0.481250 0.921875
1 0.571875 0.856250 0.537500 0.854688 0.529687 0.868750 0.515625 0.854688 0.507812 0.859375 0.501563 0.912500 0.531250 0.962500 0.556250 0.954688 0.573438 0.931250
1 0.640625 0.850000 0.628125 0.862500 0.618750 0.856250 0.610938 0.860938 0.615625 0.884375 0.607812 0.910937 0.620313 0.932813 0.642188 0.921875 0.660937 0.893750 0.660937 0.881250
1 0.710938 0.745313 0.676562 0.767188 0.671875 0.798438 0.689063 0.800000 0.679688 0.809375 0.667188 0.806250 0.673438 0.817187 0.720313 0.814063 0.732812 0.771875
1 0.293750 0.743750 0.282813 0.760938 0.293750 0.807813 0.312500 0.820312 0.354687 0.810937 0.356250 0.798438 0.342187 0.792188 0.354687 0.789062 0.342187 0.751563 0.314063 0.737500
1 0.628125 0.737500 0.600000 0.729688 0.539062 0.762500 0.521875 0.781250 0.534375 0.839063 0.584375 0.851562 0.631250 0.834375 0.651563 0.789062
1 0.401562 0.726562 0.378125 0.781250 0.400000 0.835938 0.484375 0.846875 0.512500 0.831250 0.495312 0.750000 0.453125 0.723437
1 0.923438 0.700000 0.918750 0.718750 0.935937 0.731250 0.931250 0.750000 0.964063 0.760938 0.968750 0.709375 0.956250 0.700000
1 0.923438 0.354687 0.893750 0.390625 0.978125 0.471875 0.982812 0.403125 0.964063 0.368750 0.982812 0.364063
1 0.000000 0.389062 0.068750 0.348438 0.000000 0.345313
1 0.307812 0.179688 0.287500 0.235937 0.306250 0.248438 0.334375 0.246875 0.354687 0.234375 0.364063 0.218750
1 0.642188 0.171875 0.637500 0.190625 0.648438 0.201563 0.614062 0.214062 0.639062 0.246875 0.651563 0.250000 0.684375 0.231250 0.682813 0.207813 0.654687 0.195312
1 0.142187 0.106250 0.125000 0.117188 0.125000 0.131250 0.135937 0.164062 0.156250 0.168750 0.176563 0.146875 0.150000 0.135937 0.148438 0.123438 0.159375 0.112500
1 0.714063 0.067187 0.685937 0.079687 0.665625 0.104688 0.659375 0.142187 0.684375 0.162500 0.717187 0.150000 0.726562 0.137500 0.729688 0.090625
1 0.214062 0.073438 0.206250 0.125000 0.243750 0.168750 0.289062 0.159375 0.298438 0.139063 0.292187 0.115625 0.304688 0.107813 0.292187 0.085938 0.259375 0.064062
1 0.331250 0.050000 0.332813 0.165625 0.395313 0.193750 0.378125 0.232813 0.403125 0.268750 0.460938 0.271875 0.479687 0.250000 0.454688 0.231250 0.489063 0.223438 0.456250 0.181250 0.479687 0.162500 0.465625 0.085938 0.403125 0.035937
1 0.593750 0.031250 0.487500 0.100000 0.512500 0.192188 0.498437 0.248438 0.539062 0.285938 0.578125 0.278125 0.595313 0.240625 0.560937 0.196875 0.631250 0.159375 0.625000 0.065625