0 0.489063 0.721875 0.482812 0.753125 0.507812 0.767188 0.528125 0.765625 0.531250 0.745313 0.500000 0.721875
0 0.531250 0.634375 0.500000 0.631250 0.487500 0.639062 0.479687 0.654687 0.479687 0.690625 0.512500 0.692187 0.537500 0.667188
0 0.404687 0.585938 0.390625 0.587500 0.378125 0.603125 0.382812 0.615625 0.373437 0.621875 0.373437 0.631250 0.385937 0.646875 0.395313 0.640625 0.400000 0.626563 0.420312 0.620313 0.409375 0.603125 0.412500 0.590625
0 0.448437 0.182812 0.346875 0.537500 0.579688 0.595313 0.518750 0.453125 0.601562 0.426563 0.542188 0.339062 0.585938 0.285938 0.510938 0.223438 0.478125 0.400000
0 0.554688 0.176563 0.532813 0.165625 0.496875 0.176563 0.496875 0.207813 0.503125 0.210938 0.528125 0.200000 0.535937 0.209375 0.543750 0.209375
1 0.298438 0.925000 0.281250 0.923438 0.265625 0.946875 0.248438 0.939063 0.234375 0.962500 0.246875 0.970313 0.290625 0.970313 0.300000 0.951562
1 0.000000 0.903125 0.000000 0.959375 0.040625 0.962500 0.039062 0.932813 0.025000 0.928125 0.018750 0.917188 0.009375 0.925000 0.014063 0.910937
1 0.637500 0.907813 0.606250 0.895312 0.606250 0.921875 0.585938 0.932813 0.600000 0.948438 0.587500 0.956250 0.573438 0.945312 0.542188 0.978125 0.639062 0.981250
1 0.785937 0.817187 0.775000 0.829688 0.776563 0.850000 0.789062 0.864062 0.803125 0.867188 0.812500 0.856250 0.812500 0.834375 0.800000 0.818750
1 0.189062 0.671875 0.178125 0.690625 0.182812 0.707812 0.200000 0.715625 0.210938 0.707812 0.209375 0.700000 0.218750 0.695312 0.223438 0.685937
1 0.867188 0.667188 0.851562 0.671875 0.843750 0.685937 0.843750 0.692187 0.864062 0.714063 0.878125 0.706250 0.885938 0.687500 0.884375 0.681250
1 0.146875 0.642188 0.134375 0.628125 0.140625 0.618750 0.135937 0.610938 0.114062 0.618750 0.103125 0.615625 0.093750 0.623437 0.093750 0.631250 0.101562 0.637500 0.107813 0.632812 0.118750 0.650000
1 0.189062 0.523438 0.159375 0.539062 0.153125 0.587500 0.160938 0.625000 0.201563 0.642188 0.242188 0.614062 0.248438 0.578125 0.242188 0.554688
1 0.775000 0.507812 0.759375 0.514062 0.750000 0.504687 0.735938 0.525000 0.715625 0.531250 0.720313 0.573438 0.731250 0.564063 0.754687 0.575000 0.787500 0.564063 0.787500 0.546875 0.798438 0.535937
1 0.037500 0.529687 0.045312 0.554688 0.081250 0.571875 0.140625 0.570312 0.145313 0.523438 0.134375 0.509375 0.085938 0.503125
1 0.884375 0.504687 0.859375 0.509375 0.845313 0.500000 0.828125 0.510938 0.821875 0.570312 0.834375 0.589063 0.823438 0.604688 0.840625 0.614062 0.906250 0.545312 0.903125 0.517188
1 0.060937 0.418750 0.057813 0.462500 0.076563 0.479687 0.150000 0.484375 0.132812 0.460938 0.137500 0.406250 0.096875 0.403125
1 0.204687 0.393750 0.173437 0.396875 0.156250 0.412500 0.167187 0.503125 0.179688 0.514062 0.225000 0.504687 0.253125 0.473438 0.256250 0.432812
1 0.764062 0.384375 0.734375 0.400000 0.723437 0.421875 0.726562 0.454688 0.759375 0.482812 0.798438 0.460938 0.790625 0.432812 0.798438 0.398438
1 0.815625 0.357812 0.815625 0.395313 0.843750 0.465625 0.904687 0.456250 0.923438 0.439063 0.910937 0.406250 0.853125 0.348438
1 0.134375 0.331250 0.114062 0.323437 0.103125 0.325000 0.085938 0.340625 0.084375 0.356250 0.103125 0.370312 0.129688 0.364063 0.125000 0.350000 0.135937 0.335938
1 0.757812 0.320312 0.773438 0.335938 0.790625 0.335938 0.809375 0.323437 0.817187 0.307812 0.806250 0.301563 0.778125 0.307812 0.767188 0.298438 0.757812 0.309375
1 0.223438 0.290625 0.193750 0.295312 0.181250 0.306250 0.181250 0.335938 0.195312 0.356250 0.229687 0.350000 0.243750 0.321875 0.242188 0.310937
1 0.854688 0.229687 0.839063 0.250000 0.851562 0.284375 0.864062 0.289062 0.879687 0.276562 0.893750 0.300000 0.915625 0.285938 0.923438 0.265625 0.900000 0.270313 0.903125 0.253125 0.887500 0.228125
1 0.878125 0.128125 0.848437 0.134375 0.832812 0.150000 0.834375 0.157812 0.862500 0.182812 0.876563 0.178125 0.885938 0.157812 0.885938 0.134375