0 0.204687 0.495312 0.175000 0.498437 0.165625 0.534375 0.178125 0.554688 0.212500 0.542188 0.200000 0.529687 0.210938 0.503125
0 0.720313 0.490625 0.720313 0.498437 0.745313 0.531250 0.767188 0.528125 0.767188 0.504687 0.753125 0.484375 0.739062 0.482812
0 0.692187 0.481250 0.654687 0.479687 0.637500 0.489063 0.631250 0.498437 0.632812 0.531250 0.668750 0.535937 0.692187 0.515625
0 0.646875 0.382812 0.631250 0.373437 0.612500 0.382812 0.604688 0.378125 0.587500 0.390625 0.587500 0.409375 0.601562 0.407813 0.617188 0.420312 0.621875 0.417187 0.620313 0.406250 0.642188 0.393750
0 0.595313 0.582812 0.537500 0.346875 0.182812 0.446875 0.404687 0.485938 0.221875 0.512500 0.289062 0.587500 0.337500 0.540625 0.425000 0.601562 0.454688 0.520312
1 0.690625 0.843750 0.675000 0.848437 0.668750 0.856250 0.668750 0.871875 0.684375 0.885938 0.710938 0.875000 0.714063 0.862500
1 0.243750 0.840625 0.228125 0.856250 0.225000 0.882812 0.253125 0.903125 0.270313 0.900000 0.262500 0.917188 0.268750 0.923438 0.290625 0.910937 0.298438 0.890625 0.276562 0.879687 0.289062 0.864062 0.284375 0.851562
1 0.153125 0.832812 0.139063 0.839063 0.128125 0.881250 0.140625 0.887500 0.165625 0.882812 0.182812 0.868750 0.178125 0.854688
1 0.607812 0.826562 0.509375 0.829688 0.500000 0.842187 0.507812 0.893750 0.523438 0.906250 0.564063 0.895312 0.614062 0.843750
1 0.359375 0.814063 0.346875 0.853125 0.406250 0.910937 0.440625 0.923438 0.456250 0.907813 0.465625 0.843750
1 0.817187 0.785937 0.818750 0.800000 0.834375 0.812500 0.856250 0.812500 0.867188 0.803125 0.865625 0.790625 0.850000 0.776563 0.829688 0.775000
1 0.318750 0.757812 0.309375 0.757812 0.298438 0.767188 0.307812 0.778125 0.301563 0.806250 0.309375 0.817187 0.335938 0.793750 0.334375 0.770312
1 0.403125 0.731250 0.385937 0.760938 0.396875 0.796875 0.468750 0.792188 0.482812 0.757812 0.456250 0.728125 0.421875 0.723437
1 0.564063 0.715625 0.531250 0.715625 0.525000 0.735938 0.503125 0.748437 0.514062 0.759375 0.504687 0.771875 0.537500 0.798438 0.567187 0.784375 0.573438 0.762500 0.567187 0.731250 0.575000 0.721875
1 0.979688 0.545312 0.945312 0.573438 0.956250 0.587500 0.948438 0.600000 0.934375 0.587500 0.921875 0.606250 0.895312 0.607812 0.906250 0.635938 0.981250 0.639062
1 0.964063 0.237500 0.935937 0.250000 0.946875 0.265625 0.921875 0.282813 0.923438 0.298438 0.962500 0.298438 0.971875 0.290625 0.970313 0.243750
1 0.335938 0.181250 0.304688 0.182812 0.290625 0.207813 0.290625 0.225000 0.315625 0.243750 0.339062 0.235937 0.351562 0.223438 0.356250 0.193750
1 0.690625 0.178125 0.671875 0.187500 0.673438 0.201563 0.687500 0.223438 0.700000 0.209375 0.704688 0.210938 0.714063 0.203125 0.710938 0.185938
1 0.401562 0.164062 0.393750 0.206250 0.429688 0.254688 0.473438 0.253125 0.504687 0.226562 0.514062 0.185938 0.504687 0.168750 0.415625 0.156250
1 0.537500 0.160938 0.526563 0.171875 0.525000 0.204687 0.556250 0.243750 0.600000 0.248438 0.637500 0.220312 0.640625 0.182812 0.625000 0.160938 0.582812 0.151562
1 0.623437 0.093750 0.615625 0.103125 0.618750 0.114062 0.610938 0.137500 0.615625 0.140625 0.628125 0.134375 0.640625 0.146875 0.646875 0.139063 0.648438 0.115625 0.639062 0.115625 0.632812 0.107813 0.637500 0.100000
1 0.354687 0.084375 0.340625 0.085938 0.325000 0.103125 0.325000 0.120313 0.334375 0.134375 0.350000 0.125000 0.362500 0.129688 0.367188 0.126562 0.368750 0.100000
1 0.418750 0.060937 0.403125 0.096875 0.406250 0.135937 0.460938 0.132812 0.484375 0.148438 0.481250 0.078125 0.460938 0.057813
1 0.529687 0.037500 0.503125 0.085938 0.509375 0.137500 0.523438 0.145313 0.567187 0.142187 0.576562 0.117188 0.571875 0.081250 0.554688 0.045312
1 0.903125 0.000000 0.906250 0.012500 0.925000 0.009375 0.917188 0.020313 0.928125 0.025000 0.931250 0.037500 0.964063 0.040625 0.959375 0.000000