0 0.970313 0.920312 0.950000 0.928125 0.953125 0.954688 0.926562 0.971875 0.914062 0.998437 0.978125 0.998437
0 0.050000 0.000000 0.076563 0.998437 0.137500 0.857812 0.289062 0.985938 0.878125 0.962500 0.818750 0.007812 0.400000 0.107813 0.262500 0.000000 0.117188 0.157812
1 0.000000 0.906250 0.000000 0.975000 0.043750 0.973437 0.045312 0.912500
1 0.039062 0.828125 0.017188 0.837500 0.000000 0.856250 0.000000 0.890625 0.010937 0.898438 0.023438 0.896875 0.017188 0.881250 0.042188 0.864062 0.043750 0.831250
1 0.000000 0.595313 0.003125 0.826562 0.042188 0.814063 0.015625 0.796875 0.042188 0.764062 0.023438 0.754687 0.040625 0.739062 0.023438 0.731250 0.037500 0.706250 0.021875 0.684375 0.037500 0.601562
1 0.000000 0.426563 0.000000 0.560937 0.028125 0.568750 0.000000 0.576562 0.000000 0.592187 0.031250 0.595313 0.034375 0.432812
1 0.031250 0.373437 0.000000 0.378125 0.000000 0.423438 0.034375 0.423438
1 0.909375 0.162500 0.962500 0.170313 0.910937 0.184375 0.998437 0.862500 0.998437 0.207813 0.953125 0.184375 0.998437 0.165625
1 0.020313 0.087500 0.010937 0.090625 0.000000 0.139063 0.000000 0.254688 0.020313 0.239063 0.010937 0.226562 0.026562 0.171875
1 0.998437 0.000000 0.892188 0.000000 0.901563 0.057813 0.910937 0.020313 0.929688 0.042188 0.970313 0.009375 0.970313 0.043750 0.909375 0.051562 0.935937 0.057813 0.920312 0.084375 0.973437 0.087500 0.906250 0.089063 0.918750 0.145313 0.993750 0.079687
1 0.021875 0.000000 0.000000 0.000000 0.000000 0.107813