0 0.651563 0.779687 0.646875 0.795312 0.676562 0.804688 0.704688 0.828125 0.721875 0.817187 0.717187 0.798438 0.693750 0.795312 0.695312 0.762500
0 0.570312 0.840625 0.528125 0.734375 0.443750 0.846875 0.404687 0.717187 0.307812 0.803125 0.251563 0.729688 0.040625 0.810937 0.267188 0.909375 0.310937 0.829688 0.343750 0.906250 0.378125 0.839063 0.450000 0.898438 0.489063 0.820312
0 0.429688 0.539062 0.434375 0.567187 0.457813 0.565625 0.471875 0.539062 0.514062 0.567187 0.578125 0.573438 0.556250 0.562500 0.571875 0.537500 0.556250 0.490625 0.531250 0.501563 0.489063 0.487500 0.460938 0.512500 0.465625 0.540625
0 0.584375 0.535937 0.657813 0.592187 0.707812 0.567187 0.743750 0.604688 0.862500 0.514062 0.806250 0.509375 0.789062 0.465625 0.743750 0.498437 0.678125 0.451562 0.606250 0.476562
0 0.115625 0.284375 0.134375 0.379688 0.170313 0.285938 0.362500 0.381250 0.451562 0.371875 0.426563 0.304688 0.512500 0.357812 0.512500 0.307812 0.628125 0.314063 0.478125 0.184375 0.192188 0.203125
1 0.973437 0.826562 0.968750 0.881250 0.978125 0.889062 0.979688 0.923438 0.968750 0.926562 0.968750 0.939063 0.998437 0.943750 0.998437 0.826562
1 0.973437 0.739062 0.967187 0.746875 0.967187 0.775000 0.973437 0.782813 0.967187 0.787500 0.968750 0.818750 0.998437 0.823438 0.998437 0.740625 0.990625 0.746875
1 0.976562 0.651563 0.971875 0.659375 0.989062 0.731250 0.998437 0.737500 0.998437 0.653125
1 0.971875 0.565625 0.967187 0.645312 0.998437 0.648438 0.993750 0.604688 0.998437 0.567187
1 0.970313 0.343750 0.965625 0.389062 0.998437 0.418750 0.998437 0.395313 0.985938 0.395313 0.979688 0.384375 0.982812 0.376563 0.998437 0.378125 0.998437 0.343750
1 0.965625 0.185938 0.964063 0.228125 0.998437 0.231250 0.998437 0.185938
1 0.967187 0.054688 0.964063 0.109375 0.979688 0.114062 0.964063 0.118750 0.964063 0.142187 0.998437 0.146875 0.998437 0.117188 0.978125 0.115625 0.998437 0.112500 0.998437 0.084375 0.979688 0.082812 0.998437 0.081250 0.998437 0.056250