0 0.715625 0.517188 0.692187 0.485938 0.714063 0.467187 0.650000 0.432812 0.625000 0.468750 0.575000 0.442188 0.531250 0.471875 0.551562 0.490625 0.579688 0.453125 0.639062 0.484375 0.659375 0.451562 0.682813 0.471875 0.678125 0.512500
0 0.725000 0.270313 0.212500 0.331250 0.418750 0.371875 0.418750 0.450000 0.490625 0.410938 0.421875 0.478125 0.495312 0.490625 0.523438 0.384375 0.593750 0.340625 0.640625 0.387500
1 0.728125 0.998437 0.657813 0.850000 0.678125 0.926562 0.540625 0.909375 0.534375 0.967187 0.179688 0.868750 0.168750 0.968750 0.251563 0.917188 0.251563 0.998437
1 0.260937 0.710938 0.262500 0.735938 0.273438 0.734375 0.285938 0.742188 0.307812 0.737500 0.310937 0.725000 0.295312 0.712500 0.273438 0.704688
1 0.548438 0.696875 0.529687 0.720313 0.515625 0.721875 0.517188 0.732812 0.545312 0.753125 0.551562 0.746875 0.560937 0.706250
1 0.739062 0.676562 0.710938 0.664062 0.617188 0.679688 0.582812 0.703125 0.573438 0.732812 0.614062 0.759375 0.637500 0.715625 0.682813 0.750000 0.696875 0.700000 0.737500 0.706250
1 0.250000 0.600000 0.210938 0.593750 0.221875 0.646875 0.196875 0.662500 0.154688 0.645312 0.137500 0.685937 0.156250 0.687500 0.175000 0.667188 0.235937 0.668750 0.245312 0.654687 0.226562 0.625000 0.250000 0.623437
1 0.790625 0.117188 0.745313 0.134375 0.723437 0.093750 0.662500 0.143750 0.653125 0.109375 0.546875 0.215625 0.628125 0.160938 0.610938 0.207813 0.639062 0.232813 0.673438 0.165625 0.742188 0.214062 0.746875 0.150000 0.792188 0.154688
1 0.507812 0.081250 0.484375 0.067187 0.476562 0.076563 0.459375 0.079687 0.446875 0.095312 0.450000 0.101562 0.464062 0.106250 0.485938 0.100000
1 0.768750 0.035937 0.753125 0.046875 0.754687 0.064062 0.732812 0.073438 0.732812 0.079687 0.748437 0.084375 0.757812 0.098437 0.767188 0.093750 0.773438 0.078125 0.776563 0.043750
1 0.100000 0.126562 0.373437 0.232813 0.503125 0.150000 0.475000 0.237500 0.587500 0.137500 0.209375 0.035937 0.162500 0.125000 0.126562 0.040625